0.001416 4
0.000007 0
0.002494 3
0.000305 3
0.005134 3
0.001499 1
0.006193 3
0.000125 2
0.001250 4
0.000247 0
0.010623 0
0.029120 4
0.000798 2
0.005233 1
0.000000 0
0.022022 1
0.000000 1
0.048285 0
0.001386 1
0.012274 4
0.003150 3
0.050620 0
0.067734 3
0.045659 0
0.066684 2
0.413832 3
0.132033 0
0.085917 1
0.743469 3
0.794844 3
0.000028 3
0.000007 0
0.000000 1
0.000378 1
0.000015 1
0.003944 0
0.004704 2
0.000000 4
0.009468 3
0.000249 3
0.010730 2
0.000000 4
0.003107 2
0.000000 0
0.000000 0
0.057954 4
0.000000 0
0.048773 4
0.003647 1
0.014886 4
0.000000 1
0.051131 2
0.041998 2
0.046120 0
0.000000 1
0.000000 1
0.133367 1
0.226098 1
0.738750 3
0.793750 3
0.000332 2
0.000007 3
0.000000 0
0.000996 3
0.000039 4
0.003984 1
0.002504 2
0.000000 4
0.007200 3
0.000000 4
0.000000 4
0.000000 4
0.013176 3
0.000000 4
0.000000 4
0.000000 4
0.000000 0
0.000000 4
0.009596 3
0.064787 2
0.000000 0
0.139189 1
0.209990 1
0.046586 3
0.000000 0
0.000000 0
0.350966 1
0.176639 2
0.550000 4
0.750000 2
0.002012 0
0.000930 3
0.000137 2
0.001083 2
0.000000 0
0.001017 1
0.006639 0
0.006435 2
0.009440 2
0.011454 3
0.013297 2
0.044181 3
0.033342 2
0.005034 1
0.062017 2
0.086161 3
0.032976 3
0.022761 3
0.053044 2
0.028417 3
0.259149 4
0.054502 1
0.231982 2
0.349984 3
0.272751 1
0.349435 2
0.219657 1
0.584943 4
0.706557 2
0.789762 3
0.002032 0
0.000879 3
0.000684 2
0.000942 3
0.000000 0
0.001504 0
0.006706 0
0.011201 3
0.009811 2
0.008389 3
0.014955 0
0.045945 4
0.020611 0
0.013248 0
0.053295 2
0.083576 3
0.102716 2
0.024062 3
0.171542 0
0.147745 0
0.031504 0
0.014187 3
0.318311 0
0.021971 2
0.336639 2
0.000000 0
0.578046 4
0.698869 3
0.564034 4
0.590481 0
0.002053 4
0.001205 3
0.003421 3
0.001193 4
0.000000 1
0.001519 3
0.006774 0
0.001434 0
0.011290 0
0.001028 1
0.015106 0
0.021895 4
0.020819 1
0.013382 3
0.027433 1
0.068004 0
0.080392 0
0.092831 4
0.173275 3
0.149237 3
0.031822 1
0.021098 0
0.321526 0
0.109857 1
0.177454 2
0.000000 0
0.560914 3
0.165427 1
0.280673 1
0.596445 4
0.000000 0
0.000453 0
0.000000 3
0.000393 2
0.000000 3
0.002329 2
0.006843 4
0.001449 3
0.011404 3
0.002705 0
0.015259 3
0.001598 0
0.054788 4
0.018248 2
0.072191 3
0.068691 4
0.081204 0
0.015474 2
0.184301 3
0.123586 3
0.083743 1
0.021311 3
0.324774 4
0.289098 3
0.335486 3
0.000000 1
0.220713 1
0.435334 1
0.738613 3
0.928900 2
0.000000 2
0.000457 4
0.000000 3
0.000000 1
0.000000 2
0.000786 3
0.000000 1
0.004344 4
0.000000 2
0.002732 2
0.000000 0
0.001614 1
0.022809 0
0.016921 4
0.027097 0
0.027394 3
0.082024 2
0.000662 0
0.110472 0
0.020545 1
0.078773 1
0.207283 0
0.324358 3
0.215052 0
0.324617 3
0.000000 0
0.580823 4
0.567444 4
0.544500 0
0.894500 1
0.000000 3
0.000000 4
0.000000 3
0.000000 2
0.000000 1
0.000000 1
0.000000 2
0.001524 1
0.000000 4
0.001058 2
0.000000 4
0.004248 4
0.023039 2
0.010685 3
0.027370 3
0.012442 1
0.045617 2
0.000668 4
0.111588 3
0.054066 3
0.207297 1
0.209377 1
0.239152 1
0.217224 1
0.135284 2
0.000000 0
0.616465 3
0.348882 1
0.550000 4
0.775000 3
0.000000 1
0.000000 1
0.000000 2
0.000000 0
0.000000 0
0.000000 2
0.000000 4
0.000000 0
0.002539 4
0.000000 3
0.004232 3
0.000000 0
0.000000 0
0.092156 3
0.018222 3
0.000000 0
0.020133 3
0.182468 0
0.024525 2
0.003208 1
0.034446 0
0.295852 4
0.348961 0
0.321104 3
0.362040 4
0.541135 4
0.219828 1
0.548913 0
0.537244 2
0.593464 4
0.000000 4
0.000000 2
0.000000 4
0.000000 3
0.000000 2
0.000000 3
0.000000 0
0.000000 0
0.000000 0
0.000000 3
0.000000 4
0.000000 4
0.000000 2
0.000000 2
0.008464 4
0.000000 1
0.002539 3
0.184311 3
0.035640 3
0.008443 1
0.034794 2
0.209025 2
0.352486 3
0.326246 2
0.309702 3
0.476253 4
0.578493 4
0.554458 2
0.186219 1
0.869289 2
0.000000 0
0.000000 3
0.000000 0
0.000000 2
0.000000 4
0.000000 3
0.000000 2
0.000000 1
0.000000 2
0.000000 1
0.000000 4
0.000000 1
0.000000 0
0.000000 0
0.000000 0
0.000000 0
0.000000 0
0.000000 1
0.033858 0
0.022219 3
0.000000 1
0.359735 4
0.069587 1
0.274156 2
0.445775 4
0.542829 0
0.569869 0
0.688518 2
0.490050 0
0.596445 4
0.000000 4
0.000000 4
0.000000 1
0.000000 1
0.000000 4
0.000000 1
0.000000 1
0.000000 3
0.000000 1
0.000000 3
0.000000 3
0.000000 1
0.000000 1
0.000000 1
0.000000 0
0.000000 3
0.000000 0
0.000000 4
0.034200 1
0.148125 4
0.000000 0
0.246875 3
0.183125 2
0.000000 1
0.440500 4
0.548312 4
0.575625 4
0.701044 0
0.495000 0
0.928900 2
0.000000 0
0.000000 3
0.000000 3
0.000000 4
0.000000 1
0.000000 4
0.000000 3
0.000000 3
0.000000 3
0.000000 4
0.000000 2
0.000000 1
0.000000 2
0.000000 2
0.000000 1
0.000000 3
0.000000 3
0.000000 4
0.090000 4
0.000000 2
0.000000 1
0.000000 1
0.000000 0
0.000000 0
0.310000 2
0.493750 4
0.512500 3
0.708125 3
0.500000 2
0.894500 1
0.000000 0
0.000000 4
0.000000 1
0.000000 4
0.000000 4
0.000000 2
0.000000 0
0.000000 0
0.000000 3
0.000000 1
0.000000 1
0.000000 0
0.000000 4
0.000000 3
0.000000 3
0.000000 4
0.000000 3
0.000000 4
0.000000 3
0.000000 0
0.000000 3
0.000000 3
0.000000 1
0.000000 3
0.300000 4
0.000000 0
0.500000 3
0.000000 0
0.000000 0
0.775000 3
0.000000 4
0.000000 0
0.000000 3
0.000000 3
0.000000 3
0.000000 1
0.000000 3
0.000000 2
0.000000 4
0.004024 0
0.000000 0
0.000000 4
0.000000 2
0.000000 1
0.025003 0
0.000000 1
0.000000 1
0.001367 0
0.000000 1
0.000000 4
0.000000 3
0.015749 0
0.000000 3
0.000000 0
0.000000 2
0.000000 3
0.084787 0
0.000000 1
0.000000 3
0.000000 3
0.000000 3
0.000000 0
0.000000 1
0.000000 1
0.000000 1
0.000939 0
0.000000 2
0.000000 4
0.000000 3
0.000000 3
0.000000 2
0.000000 4
0.000000 2
0.000708 0
0.008721 0
0.000000 4
0.000000 0
0.000000 4
0.000000 1
0.000000 4
0.000000 1
0.000000 2
0.000000 2
0.000000 0
0.000000 1
0.000000 1
0.000000 1
0.000000 1
0.000000 3
0.000000 3
0.000000 2
0.000000 3
0.000000 0
0.000000 3
0.000000 4
0.000000 1
0.000000 2
0.002413 4
0.000000 3
0.004295 4
0.004986 4
0.016568 4
0.000000 3
0.001888 4
0.023256 4
0.032310 4
0.000000 0
0.008535 4
0.000000 3
0.000000 2
0.000000 0
0.000000 1
0.000000 1
0.000000 3
0.000000 0
0.000000 0
0.000000 1
0.000000 2
0.264959 4
0.000000 2
0.000499 0
0.000000 3
0.000000 2
0.000000 2
0.000778 0
0.000000 1
0.004478 0
0.000000 2
0.000000 2
0.000000 3
0.000000 2
0.000000 3
0.000000 2
0.000000 1
0.000000 2
0.000000 3
0.000000 3
0.000000 3
0.000000 2
0.000000 3
0.000000 4
0.000000 1
0.000000 2
0.000000 3
0.000000 1
0.000000 2
0.000000 1
0.000000 4
0.000000 2
0.000000 3
0.000452 0
0.000000 3
0.000000 2
0.000000 3
0.000570 0
0.002540 0
0.000742 0
0.000000 3
0.000000 2
0.000000 3
0.008435 0
0.000000 4
0.005018 0
0.010287 0
0.000000 2
0.000000 3
0.000000 2
0.000000 3
0.055964 0
0.011933 0
0.007912 0
0.000000 3
0.081851 0
0.000000 2
0.000000 2
0.241380 0
0.000000 4
0.000000 3
0.000000 4
0.375000 0
0.000000 4
0.000000 3
0.000000 3
0.000000 4
0.000000 1
0.000000 3
0.000543 0
0.004277 0
0.001014 0
0.000000 1
0.000599 0
0.000000 4
0.000000 1
0.000000 3
0.000000 1
0.030451 0
0.005896 0
0.000000 4
0.000000 3
0.000000 3
0.000000 1
0.121790 0
0.108412 0
0.000000 1
0.000000 2
0.082767 0
0.000000 3
0.000000 1
0.000000 1
0.000000 4
0.000171 0
0.000000 0
0.000000 3
0.000000 2
0.000000 3
0.000000 2
0.000000 4
0.000000 3
0.000000 3
0.000000 0
0.000000 3
0.008553 0
0.000000 4
0.000000 2
0.000000 3
0.000000 4
0.000248 0
0.000000 2
0.000000 3
0.000000 3
0.000000 1
0.000000 3
0.000000 4
0.000000 3
0.000000 3
0.000000 1
0.000000 1
0.000000 1
0.000000 3
0.000000 2
0.000000 2
0.000000 4
0.000000 3
0.000000 1
0.000000 2
0.000000 3
0.000000 1
0.000000 4
0.000000 2
0.000000 2
0.002188 0
0.000000 1
0.004007 0
0.000000 4
0.004666 0
0.000000 3
0.000000 2
0.067505 0
0.020275 0
0.000000 1
0.000000 1
0.089682 0
0.000000 3
0.050731 0
0.000000 3
0.231174 0
0.000000 4
0.000000 4
0.366175 0
0.000000 1
0.000000 3
0.000000 4
0.000000 3
0.000000 2
0.000000 1
0.000000 1
0.000000 2
0.000000 1
0.000952 4
0.000000 2
0.001587 4
0.000000 4
0.000000 2
0.000000 3
0.000000 3
0.000000 1
0.000000 2
0.068426 4
0.000000 3
0.000000 3
0.000000 1
0.000000 1
0.000000 1
0.000000 1
0.000000 2
0.000000 0
0.000000 3
0.000000 1
0.201466 4
0.000000 3
0.000000 1
0.000000 1
0.000000 2
0.000000 0
0.000000 0
0.000000 2
0.000000 4
0.000000 0
0.000000 4
0.000000 3
0.000000 3
0.000000 0
0.000000 0
0.000000 3
0.000000 3
0.000952 0
0.000000 3
0.013365 0
0.000000 2
0.000000 1
0.078384 0
0.000000 4
0.122342 0
0.000000 3
0.000000 4
0.000000 4
0.000000 1
0.069832 0
0.000000 2
0.000000 4
0.000000 4
0.000000 2
0.000000 4
0.000000 3
0.000000 2
0.000000 3
0.000000 0
0.000000 0
0.000000 0
0.000000 3
0.000000 4
0.000000 4
0.000000 2
0.000000 2
0.000000 4
0.000000 1
0.000000 3
0.000000 3
0.000000 3
0.000000 1
0.000000 2
0.000000 2
0.000000 3
0.000000 2
0.000000 3
0.000000 4
0.000000 4
0.000000 2
0.000000 1
0.000000 2
0.000000 0
0.000000 3
0.000000 0
0.000000 2
0.000000 4
0.000000 3
0.000000 2
0.000000 1
0.000000 2
0.000000 1
0.000000 4
0.000000 1
0.000000 0
0.000000 0
0.000000 0
0.000000 0
0.000000 0
0.000000 1
0.055547 0
0.000000 3
0.000000 1
0.000000 4
0.000000 1
0.000000 2
0.000000 4
0.215859 0
0.262891 0
0.000000 2
0.474127 0
0.000000 4
0.000000 4
0.000000 4
0.000000 1
0.000000 1
0.000000 4
0.000000 1
0.000000 1
0.000000 3
0.000000 1
0.000000 3
0.000000 3
0.000000 1
0.000000 1
0.000000 1
0.000000 0
0.000000 3
0.000000 0
0.000000 4
0.000000 1
0.000000 4
0.000000 0
0.000000 3
0.000000 2
0.000000 1
0.000000 4
0.000000 4
0.000000 4
0.187500 0
0.335438 0
0.000000 2
0.000000 0
0.000000 3
0.000000 3
0.000000 4
0.000000 1
0.000000 4
0.000000 3
0.000000 3
0.000000 3
0.000000 4
0.000000 2
0.000000 1
0.000000 2
0.000000 2
0.000000 1
0.000000 3
0.000000 3
0.000000 4
0.000000 4
0.000000 2
0.000000 1
0.000000 1
0.000000 0
0.112500 0
0.000000 2
0.000000 4
0.000000 3
0.000000 3
0.000000 2
0.000000 1
0.000000 0
0.000000 4
0.000000 1
0.000000 4
0.000000 4
0.000000 2
0.000000 0
0.000000 0
0.000000 3
0.000000 1
0.000000 1
0.000000 0
0.000000 4
0.000000 3
0.000000 3
0.000000 4
0.000000 3
0.000000 4
0.000000 3
0.000000 0
0.000000 3
0.000000 3
0.000000 1
0.000000 3
0.000000 4
0.000000 0
0.000000 3
0.000000 0
0.000000 0
0.000000 3
0.000000 0
0.000000 0
