1530 6 0.001416
1529 0 0.000007
1528 4 0.002494
1527 4 0.000305
1526 4 0.005134
1525 1 0.001499
1524 4 0.006193
1523 2 0.000125
1522 6 0.001250
1521 0 0.000247
1520 0 0.010623
1519 6 0.029120
1518 2 0.000798
1517 1 0.005233
1516 0 0.000000
1515 1 0.022022
1514 1 0.000000
1513 0 0.048285
1512 1 0.001386
1511 6 0.012274
1510 4 0.003150
1509 0 0.050620
1508 4 0.067734
1507 0 0.045659
1506 2 0.066684
1505 4 0.413832
1504 0 0.132033
1503 1 0.085917
1502 4 0.743469
1501 4 0.794844
1430 4 0.000028
1429 0 0.000007
1428 1 0.000000
1427 1 0.000378
1426 1 0.000015
1425 0 0.003944
1424 2 0.004704
1423 6 0.000000
1422 4 0.009468
1421 4 0.000249
1420 2 0.010730
1419 6 0.000000
1418 2 0.003107
1417 0 0.000000
1416 0 0.000000
1415 6 0.057954
1414 0 0.000000
1413 6 0.048773
1412 1 0.003647
1411 6 0.014886
1410 1 0.000000
1409 2 0.051131
1408 2 0.041998
1407 0 0.046120
1406 1 0.000000
1405 1 0.000000
1404 1 0.133367
1403 1 0.226098
1402 4 0.738750
1401 4 0.793750
1330 2 0.000332
1329 4 0.000007
1328 0 0.000000
1327 4 0.000996
1326 6 0.000039
1325 1 0.003984
1324 2 0.002504
1323 6 0.000000
1322 4 0.007200
1321 6 0.000000
1320 6 0.000000
1319 6 0.000000
1318 4 0.013176
1317 6 0.000000
1316 6 0.000000
1315 6 0.000000
1314 0 0.000000
1313 6 0.000000
1312 4 0.009596
1311 2 0.064787
1310 0 0.000000
1309 1 0.139189
1308 1 0.209990
1307 4 0.046586
1306 0 0.000000
1305 0 0.000000
1304 1 0.350966
1303 2 0.176639
1302 6 0.550000
1301 2 0.750000
1230 0 0.002012
1229 4 0.000930
1228 2 0.000137
1227 2 0.001083
1226 0 0.000000
1225 1 0.001017
1224 0 0.006639
1223 2 0.006435
1222 2 0.009440
1221 4 0.011454
1220 2 0.013297
1219 4 0.044181
1218 2 0.033342
1217 1 0.005034
1216 2 0.062017
1215 4 0.086161
1214 4 0.032976
1213 4 0.022761
1212 2 0.053044
1211 4 0.028417
1210 6 0.259149
1209 1 0.054502
1208 2 0.231982
1207 4 0.349984
1206 1 0.272751
1205 2 0.349435
1204 1 0.219657
1203 6 0.584943
1202 2 0.706557
1201 4 0.789762
1130 0 0.002032
1129 4 0.000879
1128 2 0.000684
1127 4 0.000942
1126 0 0.000000
1125 0 0.001504
1124 0 0.006706
1123 4 0.011201
1122 2 0.009811
1121 4 0.008389
1120 0 0.014955
1119 6 0.045945
1118 0 0.020611
1117 0 0.013248
1116 2 0.053295
1115 4 0.083576
1114 2 0.102716
1113 4 0.024062
1112 0 0.171542
1111 0 0.147745
1110 0 0.031504
1109 4 0.014187
1108 0 0.318311
1107 2 0.021971
1106 2 0.336639
1105 0 0.000000
1104 6 0.578046
1103 4 0.698869
1102 6 0.564034
1101 0 0.590481
1030 6 0.002053
1029 4 0.001205
1028 4 0.003421
1027 6 0.001193
1026 1 0.000000
1025 4 0.001519
1024 0 0.006774
1023 0 0.001434
1022 0 0.011290
1021 1 0.001028
1020 0 0.015106
1019 6 0.021895
1018 1 0.020819
1017 4 0.013382
1016 1 0.027433
1015 0 0.068004
1014 0 0.080392
1013 6 0.092831
1012 4 0.173275
1011 4 0.149237
1010 1 0.031822
1009 0 0.021098
1008 0 0.321526
1007 1 0.109857
1006 2 0.177454
1005 0 0.000000
1004 4 0.560914
1003 1 0.165427
1002 1 0.280673
1001 6 0.596445
0930 0 0.000000
0929 0 0.000453
0928 4 0.000000
0927 2 0.000393
0926 4 0.000000
0925 2 0.002329
0924 6 0.006843
0923 4 0.001449
0922 4 0.011404
0921 0 0.002705
0920 4 0.015259
0919 0 0.001598
0918 6 0.054788
0917 2 0.018248
0916 4 0.072191
0915 6 0.068691
0914 0 0.081204
0913 2 0.015474
0912 4 0.184301
0911 4 0.123586
0910 1 0.083743
0909 4 0.021311
0908 6 0.324774
0907 4 0.289098
0906 4 0.335486
0905 1 0.000000
0904 1 0.220713
0903 1 0.435334
0902 4 0.738613
0901 2 0.928900
0830 2 0.000000
0829 6 0.000457
0828 4 0.000000
0827 1 0.000000
0826 2 0.000000
0825 4 0.000786
0824 1 0.000000
0823 6 0.004344
0822 2 0.000000
0821 2 0.002732
0820 0 0.000000
0819 1 0.001614
0818 0 0.022809
0817 6 0.016921
0816 0 0.027097
0815 4 0.027394
0814 2 0.082024
0813 0 0.000662
0812 0 0.110472
0811 1 0.020545
0810 1 0.078773
0809 0 0.207283
0808 4 0.324358
0807 0 0.215052
0806 4 0.324617
0805 0 0.000000
0804 6 0.580823
0803 6 0.567444
0802 0 0.544500
0801 1 0.894500
0730 4 0.000000
0729 6 0.000000
0728 4 0.000000
0727 2 0.000000
0726 1 0.000000
0725 1 0.000000
0724 2 0.000000
0723 1 0.001524
0722 6 0.000000
0721 2 0.001058
0720 6 0.000000
0719 6 0.004248
0718 2 0.023039
0717 4 0.010685
0716 4 0.027370
0715 1 0.012442
0714 2 0.045617
0713 6 0.000668
0712 4 0.111588
0711 4 0.054066
0710 1 0.207297
0709 1 0.209377
0708 1 0.239152
0707 1 0.217224
0706 2 0.135284
0705 0 0.000000
0704 4 0.616465
0703 1 0.348882
0702 6 0.550000
0701 4 0.775000
0630 1 0.000000
0629 1 0.000000
0628 2 0.000000
0627 0 0.000000
0626 0 0.000000
0625 2 0.000000
0624 6 0.000000
0623 0 0.000000
0622 6 0.002539
0621 4 0.000000
0620 4 0.004232
0619 0 0.000000
0618 0 0.000000
0617 4 0.092156
0616 4 0.018222
0615 0 0.000000
0614 4 0.020133
0613 0 0.182468
0612 2 0.024525
0611 1 0.003208
0610 0 0.034446
0609 6 0.295852
0608 0 0.348961
0607 4 0.321104
0606 6 0.362040
0605 6 0.541135
0604 1 0.219828
0603 0 0.548913
0602 2 0.537244
0601 6 0.593464
0530 6 0.000000
0529 2 0.000000
0528 6 0.000000
0527 4 0.000000
0526 2 0.000000
0525 4 0.000000
0524 0 0.000000
0523 0 0.000000
0522 0 0.000000
0521 4 0.000000
0520 6 0.000000
0519 6 0.000000
0518 2 0.000000
0517 2 0.000000
0516 6 0.008464
0515 1 0.000000
0514 4 0.002539
0513 4 0.184311
0512 4 0.035640
0511 1 0.008443
0510 2 0.034794
0509 2 0.209025
0508 4 0.352486
0507 2 0.326246
0506 4 0.309702
0505 6 0.476253
0504 6 0.578493
0503 2 0.554458
0502 1 0.186219
0501 2 0.869289
0430 0 0.000000
0429 4 0.000000
0428 0 0.000000
0427 2 0.000000
0426 6 0.000000
0425 4 0.000000
0424 2 0.000000
0423 1 0.000000
0422 2 0.000000
0421 1 0.000000
0420 6 0.000000
0419 1 0.000000
0418 0 0.000000
0417 0 0.000000
0416 0 0.000000
0415 0 0.000000
0414 0 0.000000
0413 1 0.000000
0412 0 0.033858
0411 4 0.022219
0410 1 0.000000
0409 6 0.359735
0408 1 0.069587
0407 2 0.274156
0406 6 0.445775
0405 0 0.542829
0404 0 0.569869
0403 2 0.688518
0402 0 0.490050
0401 6 0.596445
0330 6 0.000000
0329 6 0.000000
0328 1 0.000000
0327 1 0.000000
0326 6 0.000000
0325 1 0.000000
0324 1 0.000000
0323 4 0.000000
0322 1 0.000000
0321 4 0.000000
0320 4 0.000000
0319 1 0.000000
0318 1 0.000000
0317 1 0.000000
0316 0 0.000000
0315 4 0.000000
0314 0 0.000000
0313 6 0.000000
0312 1 0.034200
0311 6 0.148125
0310 0 0.000000
0309 4 0.246875
0308 2 0.183125
0307 1 0.000000
0306 6 0.440500
0305 6 0.548312
0304 6 0.575625
0303 0 0.701044
0302 0 0.495000
0301 2 0.928900
0230 0 0.000000
0229 4 0.000000
0228 4 0.000000
0227 6 0.000000
0226 1 0.000000
0225 6 0.000000
0224 4 0.000000
0223 4 0.000000
0222 4 0.000000
0221 6 0.000000
0220 2 0.000000
0219 1 0.000000
0218 2 0.000000
0217 2 0.000000
0216 1 0.000000
0215 4 0.000000
0214 4 0.000000
0213 6 0.000000
0212 6 0.090000
0211 2 0.000000
0210 1 0.000000
0209 1 0.000000
0208 0 0.000000
0207 0 0.000000
0206 2 0.310000
0205 6 0.493750
0204 4 0.512500
0203 4 0.708125
0202 2 0.500000
0201 1 0.894500
0130 0 0.000000
0129 6 0.000000
0128 1 0.000000
0127 6 0.000000
0126 6 0.000000
0125 2 0.000000
0124 0 0.000000
0123 0 0.000000
0122 4 0.000000
0121 1 0.000000
0120 1 0.000000
0119 0 0.000000
0118 6 0.000000
0117 4 0.000000
0116 4 0.000000
0115 6 0.000000
0114 4 0.000000
0113 6 0.000000
0112 4 0.000000
0111 0 0.000000
0110 4 0.000000
0109 4 0.000000
0108 1 0.000000
0107 4 0.000000
0106 6 0.300000
0105 0 0.000000
0104 4 0.500000
0103 0 0.000000
0102 0 0.000000
0101 4 0.775000
