0.051758 3
0.060899 3
0.064495 3
0.075515 3
0.079724 3
0.093569 3
0.098354 3
0.113824 3
0.120974 3
0.138720 3
0.147299 3
0.166282 3
0.180569 3
0.200615 3
0.217286 3
0.238392 3
0.265845 3
0.286562 3
0.340751 3
0.355275 3
0.409203 3
0.422288 3
0.505189 3
0.524381 3
0.596283 3
0.639052 3
0.724194 0
0.765138 3
0.847254 0
0.953657 1
0.048678 3
0.056574 3
0.060980 3
0.071116 3
0.075717 3
0.089535 3
0.094265 3
0.110352 3
0.116222 3
0.136289 3
0.143099 3
0.164734 3
0.175793 3
0.200294 3
0.213159 3
0.238863 3
0.261533 3
0.288107 3
0.313029 3
0.341042 3
0.384098 3
0.410657 3
0.502713 3
0.516686 3
0.595190 3
0.608416 3
0.731509 0
0.760660 3
0.855812 2
0.930677 1
0.044424 1
0.050517 1
0.055814 1
0.064198 1
0.070132 1
0.081951 1
0.087828 1
0.102492 1
0.108667 1
0.129044 1
0.135439 1
0.157979 1
0.166518 1
0.195098 1
0.204754 1
0.234326 1
0.251584 1
0.285299 1
0.303453 1
0.338369 1
0.374025 1
0.409456 1
0.443988 1
0.482083 1
0.549070 1
0.583439 1
0.738898 3
0.748685 3
0.857046 2
0.870204 2
0.050041 3
0.055737 3
0.063474 3
0.069585 3
0.080230 3
0.086918 3
0.102523 3
0.108893 3
0.127595 3
0.134073 3
0.159921 3
0.166918 3
0.194607 3
0.204971 3
0.238614 3
0.250731 3
0.285204 3
0.308349 3
0.345372 3
0.369362 3
0.408620 3
0.455890 3
0.493157 3
0.538795 3
0.580231 3
0.666261 3
0.701603 0
0.780833 2
0.821760 0
0.966965 1
0.045165 4
0.051416 3
0.058249 3
0.065236 3
0.074822 3
0.082738 3
0.094282 3
0.102573 3
0.118662 3
0.127670 3
0.152189 3
0.160253 3
0.188082 3
0.196190 3
0.235114 3
0.244450 3
0.283646 3
0.299481 3
0.346524 3
0.364657 3
0.411292 3
0.449290 3
0.497678 3
0.533396 3
0.585871 3
0.662275 3
0.708690 0
0.775303 2
0.830060 0
0.965697 1
0.040407 4
0.046264 3
0.052516 4
0.059703 3
0.067897 3
0.076934 3
0.087236 3
0.096918 3
0.111593 3
0.122480 3
0.139583 3
0.150716 3
0.175010 3
0.187028 3
0.226044 3
0.235856 3
0.276738 3
0.286593 3
0.344790 3
0.357649 3
0.411911 3
0.437317 3
0.501557 3
0.529089 3
0.591198 3
0.654534 3
0.715849 0
0.767919 3
0.838445 0
0.962360 1
0.035098 4
0.041158 4
0.046375 4
0.053579 4
0.060389 4
0.069685 3
0.078517 3
0.089280 3
0.101894 3
0.114698 3
0.130152 3
0.143434 3
0.165897 3
0.180723 3
0.205839 3
0.220564 3
0.257215 3
0.273102 3
0.336102 3
0.347298 3
0.406107 3
0.417686 3
0.503659 3
0.522464 3
0.595494 3
0.638260 3
0.723079 0
0.765004 3
0.846914 0
0.953580 1
0.027964 4
0.034408 4
0.038522 4
0.046258 3
0.051745 3
0.061505 3
0.069213 3
0.080204 3
0.090485 3
0.104050 3
0.117268 3
0.132467 3
0.151824 3
0.169907 3
0.192886 3
0.210734 3
0.245048 3
0.265036 3
0.301167 3
0.320313 3
0.375533 3
0.396580 3
0.499763 3
0.511300 3
0.593123 3
0.606183 3
0.730383 0
0.760318 3
0.855469 2
0.930473 1
0.015989 1
0.024469 1
0.026518 1
0.036520 1
0.040424 1
0.050660 1
0.056861 1
0.068397 1
0.076603 1
0.090213 1
0.101619 1
0.116966 1
0.132088 1
0.151380 1
0.170623 1
0.191599 1
0.220839 1
0.246459 1
0.278916 1
0.302148 1
0.354079 1
0.381585 1
0.430301 1
0.455701 1
0.539404 1
0.567888 1
0.737761 3
0.747297 3
0.855578 2
0.869666 2
0.023878 4
0.026072 4
0.037800 4
0.041022 4
0.053541 4
0.059310 4
0.071010 4
0.080223 4
0.092027 4
0.103879 4
0.118339 4
0.133502 4
0.150865 4
0.170764 4
0.192378 3
0.217511 4
0.240898 3
0.279244 3
0.308940 3
0.350192 3
0.374369 3
0.441059 3
0.469958 3
0.529148 3
0.557729 3
0.661374 3
0.690199 3
0.774384 2
0.810228 2
0.966434 1
0.002430 4
0.002430 4
0.012555 4
0.013365 4
0.030847 4
0.033952 4
0.053483 4
0.058208 4
0.079339 4
0.086006 4
0.107213 4
0.120371 4
0.138441 4
0.157400 4
0.178165 4
0.200763 4
0.228124 4
0.257643 4
0.289707 3
0.328277 3
0.356881 3
0.418011 3
0.459202 3
0.518290 3
0.547373 3
0.651384 3
0.687009 3
0.767055 3
0.806703 2
0.964299 1
0.000000 0
0.000000 0
0.000000 0
0.000000 0
0.000000 0
0.000000 0
0.008100 4
0.008100 4
0.035100 4
0.037800 4
0.073575 4
0.081675 4
0.115612 4
0.124613 4
0.162269 4
0.176544 4
0.209891 4
0.240503 4
0.267292 4
0.303478 4
0.344095 4
0.386887 4
0.438687 3
0.496321 3
0.527022 3
0.628028 3
0.679825 3
0.761973 3
0.798346 2
0.958682 1
0.000000 0
0.000000 0
0.000000 0
0.000000 0
0.000000 0
0.000000 0
0.000000 0
0.000000 0
0.000000 0
0.000000 0
0.000000 0
0.000000 0
0.027000 4
0.027000 4
0.094500 4
0.103500 4
0.166500 4
0.186000 4
0.242125 4
0.255875 4
0.323375 4
0.358000 4
0.402406 4
0.472344 4
0.515281 4
0.575328 3
0.663687 3
0.750516 3
0.781281 2
0.943900 1
0.000000 0
0.000000 0
0.000000 0
0.000000 0
0.000000 0
0.000000 0
0.000000 0
0.000000 0
0.000000 0
0.000000 0
0.000000 0
0.000000 0
0.000000 0
0.000000 0
0.000000 0
0.000000 0
0.000000 0
0.000000 0
0.090000 4
0.090000 4
0.240000 4
0.270000 4
0.355000 4
0.395000 4
0.496250 4
0.508750 4
0.624375 3
0.724375 3
0.761875 3
0.905000 2
0.000000 0
0.000000 0
0.000000 0
0.000000 0
0.000000 0
0.000000 0
0.000000 0
0.000000 0
0.000000 0
0.000000 0
0.000000 0
0.000000 0
0.000000 0
0.000000 0
0.000000 0
0.000000 0
0.000000 0
0.000000 0
0.000000 0
0.000000 0
0.000000 0
0.000000 0
0.000000 0
0.000000 0
0.300000 4
0.300000 4
0.550000 4
0.650000 3
0.725000 3
0.775000 3
0.032684 0
0.035607 0
0.041272 0
0.044421 0
0.052167 0
0.055405 0
0.064800 0
0.068524 0
0.080576 0
0.084676 0
0.098144 0
0.104183 0
0.120015 0
0.127075 0
0.143880 0
0.155915 0
0.174035 0
0.187676 0
0.206620 0
0.230058 0
0.248884 0
0.291746 0
0.306145 0
0.349543 0
0.363348 0
0.437768 0
0.453941 0
0.513031 0
0.546406 0
0.619352 0
0.030582 0
0.033972 0
0.038944 0
0.042739 0
0.049577 0
0.053482 0
0.062449 0
0.066508 0
0.078580 0
0.082703 0
0.096983 0
0.102028 0
0.119746 0
0.125707 0
0.144817 0
0.154240 0
0.175987 0
0.187441 0
0.209946 0
0.229389 0
0.253034 0
0.275276 0
0.299700 0
0.336925 0
0.360512 0
0.435874 0
0.449851 0
0.512270 0
0.526405 0
0.651604 0
0.031035 4
0.034779 4
0.039651 4
0.043840 4
0.050255 4
0.054790 4
0.064039 4
0.068687 4
0.080504 4
0.085101 4
0.100643 4
0.105557 4
0.124225 4
0.130465 4
0.151852 4
0.159722 4
0.183999 4
0.196390 4
0.221486 4
0.237680 4
0.265300 4
0.290082 4
0.317116 4
0.349397 4
0.377926 4
0.423432 4
0.450916 4
0.509008 4
0.533542 4
0.737612 4
0.028899 0
0.032719 0
0.037008 0
0.042263 0
0.047320 0
0.053783 0
0.059189 0
0.068249 0
0.074272 0
0.087082 0
0.092863 0
0.108460 0
0.114568 0
0.136658 0
0.142935 0
0.166326 0
0.175195 0
0.205461 0
0.215357 0
0.245256 0
0.264450 0
0.298847 0
0.317662 0
0.352486 0
0.392930 0
0.427571 0
0.462891 0
0.500841 0
0.576522 0
0.601019 0
0.025647 0
0.029001 0
0.033451 0
0.037880 0
0.043449 0
0.049139 0
0.055265 0
0.063336 0
0.070388 0
0.080030 0
0.087381 0
0.101145 0
0.109324 0
0.129308 0
0.136710 0
0.159890 0
0.167706 0
0.201372 0
0.209628 0
0.242723 0
0.255910 0
0.299247 0
0.313702 0
0.354092 0
0.385539 0
0.431500 0
0.459073 0
0.505515 0
0.571694 0
0.602717 0
0.022128 0
0.024821 0
0.029499 0
0.033117 0
0.038931 0
0.043802 0
0.050456 0
0.057304 0
0.065221 0
0.073830 0
0.082301 0
0.094709 0
0.104502 0
0.118777 0
0.128703 0
0.149636 0
0.160624 0
0.192201 0
0.201358 0
0.235351 0
0.245111 0
0.296436 0
0.307450 0
0.353048 0
0.373571 0
0.434818 0
0.456275 0
0.509594 0
0.562156 0
0.607246 0
0.017851 0
0.019814 0
0.025086 0
0.027924 0
0.034129 0
0.038290 0
0.045269 0
0.050916 0
0.059224 0
0.066730 0
0.076034 0
0.086661 0
0.097948 0
0.110898 0
0.122645 0
0.141815 0
0.155229 0
0.176434 0
0.189658 0
0.221497 0
0.235943 0
0.286837 0
0.297404 0
0.345966 0
0.357929 0
0.436435 0
0.451729 0
0.512004 0
0.545504 0
0.619324 0
0.013196 0
0.014315 0
0.020637 0
0.022718 0
0.029507 0
0.032893 0
0.040513 0
0.045291 0
0.053880 0
0.060678 0
0.070291 0
0.079272 0
0.091288 0
0.102843 0
0.116318 0
0.133124 0
0.148908 0
0.169323 0
0.185440 0
0.215126 0
0.232602 0
0.265135 0
0.281777 0
0.329452 0
0.348293 0
0.433442 0
0.444293 0
0.509874 0
0.524204 0
0.651530 0
0.010720 4
0.011656 4
0.018513 4
0.020158 4
0.028026 4
0.030854 4
0.039637 4
0.044172 4
0.053467 4
0.060189 4
0.070476 4
0.079303 4
0.092055 4
0.103625 4
0.118583 4
0.134159 4
0.150628 4
0.172611 4
0.192359 4
0.219589 4
0.238688 4
0.276725 4
0.295705 4
0.339134 4
0.360894 4
0.418086 4
0.437484 4
0.504086 4
0.528210 4
0.737413 4
0.000911 0
0.004708 0
0.005012 0
0.011568 0
0.012732 0
0.021195 0
0.022967 0
0.034688 0
0.037568 0
0.050551 0
0.056625 0
0.069597 0
0.077972 0
0.094614 0
0.105570 0
0.123843 0
0.140246 0
0.160776 0
0.181053 0
0.204018 0
0.235378 0
0.262132 0
0.296874 0
0.318589 0
0.375210 0
0.404654 0
0.453521 0
0.476424 0
0.569847 0
0.598331 0
0.000000 0
0.000000 0
0.000000 0
0.000000 0
0.000000 0
0.003037 0
0.003037 0
0.013163 0
0.014175 0
0.027591 0
0.030628 0
0.047152 0
0.050527 0
0.074140 0
0.080759 0
0.102123 0
0.116345 0
0.139029 0
0.154533 0
0.187167 0
0.209665 0
0.239817 0
0.273374 0
0.302197 0
0.349177 0
0.392068 0
0.442335 0
0.463762 0
0.555292 0
0.595551 0
0.000000 0
0.000000 0
0.000000 0
0.000000 0
0.000000 0
0.000000 0
0.000000 0
0.000000 0
0.000000 0
0.000000 0
0.000000 0
0.010125 0
0.010125 0
0.035437 0
0.038812 0
0.062437 0
0.069750 0
0.103453 0
0.108609 0
0.155016 0
0.172219 0
0.200824 0
0.232676 0
0.278836 0
0.303111 0
0.365689 0
0.417586 0
0.438352 0
0.522097 0
0.588135 0
0.000000 0
0.000000 0
0.000000 0
0.000000 0
0.000000 0
0.000000 0
0.000000 0
0.000000 0
0.000000 0
0.000000 0
0.000000 0
0.000000 0
0.000000 0
0.000000 0
0.000000 0
0.000000 0
0.000000 0
0.033750 0
0.033750 0
0.090000 0
0.101250 0
0.133125 0
0.148125 0
0.228281 0
0.232969 0
0.311484 0
0.363047 0
0.387656 0
0.448359 0
0.568359 0
0.000000 0
0.000000 0
0.000000 0
0.000000 0
0.000000 0
0.000000 0
0.000000 0
0.000000 0
0.000000 0
0.000000 0
0.000000 0
0.000000 0
0.000000 0
0.000000 0
0.000000 0
0.000000 0
0.000000 0
0.000000 0
0.000000 0
0.000000 0
0.000000 0
0.000000 0
0.000000 0
0.112500 0
0.112500 0
0.206250 0
0.243750 0
0.271875 0
0.290625 0
0.515625 0
0.000000 0
0.000000 0
0.000000 0
0.000000 0
0.000000 0
0.000000 0
0.000000 0
0.000000 0
0.000000 0
0.000000 0
0.000000 0
0.000000 0
0.000000 0
0.000000 0
0.000000 0
0.000000 0
0.000000 0
0.000000 0
0.000000 0
0.000000 0
0.000000 0
0.000000 0
0.000000 0
0.000000 0
0.000000 0
0.000000 0
0.000000 0
0.000000 0
0.000000 0
0.375000 4
0.000000 0
0.000000 0
