1020 0
1019 6
1018 1
1017 4
1016 1
1015 0
1014 0
1013 6
1012 4
1011 4
1010 1
1009 0
1008 0
1007 1
1006 2
1005 0
1004 4
1003 1
1002 1
1001 6
0920 4
0919 0
0918 6
0917 2
0916 4
0915 6
0914 0
0913 2
0912 4
0911 4
0910 1
0909 4
0908 6
0907 4
0906 4
0905 1
0904 1
0903 1
0902 4
0901 2
0820 0
0819 1
0818 0
0817 6
0816 0
0815 4
0814 2
0813 0
0812 0
0811 1
0810 1
0809 0
0808 4
0807 0
0806 4
0805 0
0804 6
0803 6
0802 0
0801 1
0720 6
0719 6
0718 2
0717 4
0716 4
0715 1
0714 2
0713 6
0712 4
0711 4
0710 1
0709 1
0708 1
0707 1
0706 2
0705 0
0704 4
0703 1
0702 6
0701 4
0620 4
0619 0
0618 0
0617 4
0616 4
0615 0
0614 4
0613 0
0612 2
0611 1
0610 0
0609 6
0608 0
0607 4
0606 6
0605 6
0604 1
0603 0
0602 2
0601 6
0520 6
0519 6
0518 2
0517 2
0516 6
0515 1
0514 4
0513 4
0512 4
0511 1
0510 2
0509 2
0508 4
0507 2
0506 4
0505 6
0504 6
0503 2
0502 1
0501 2
0420 6
0419 1
0418 0
0417 0
0416 0
0415 0
0414 0
0413 1
0412 0
0411 4
0410 1
0409 6
0408 1
0407 2
0406 6
0405 0
0404 0
0403 2
0402 0
0401 6
0320 4
0319 1
0318 1
0317 1
0316 0
0315 4
0314 0
0313 6
0312 1
0311 6
0310 0
0309 4
0308 2
0307 1
0306 6
0305 6
0304 6
0303 0
0302 0
0301 2
0220 2
0219 1
0218 2
0217 2
0216 1
0215 4
0214 4
0213 6
0212 6
0211 2
0210 1
0209 1
0208 0
0207 0
0206 2
0205 6
0204 4
0203 4
0202 2
0201 1
0120 1
0119 0
0118 6
0117 4
0116 4
0115 6
0114 4
0113 6
0112 4
0111 0
0110 4
0109 4
0108 1
0107 4
0106 6
0105 0
0104 4
0103 0
0102 0
0101 4
