0.40920334 3
0.42228787 3
0.50518872 3
0.52438135 3
0.5962831 3
0.63905184 3
0.72419367 0
0.76513753 3
0.84725393 0
0.95365743 1
0.38409835 3
0.4106568 3
0.50271344 3
0.51668648 3
0.59518959 3
0.60841642 3
0.73150876 0
0.76065952 3
0.85581205 2
0.93067745 1
0.37402514 1
0.40945597 1
0.44398845 1
0.48208328 1
0.54906991 1
0.58343896 1
0.73889773 3
0.74868543 3
0.85704551 2
0.8702038 2
0.40861982 3
0.45589025 3
0.49315688 3
0.53879485 3
0.58023093 3
0.66626074 3
0.70160316 0
0.7808325 2
0.82175983 0
0.96696483 1
0.41129224 3
0.44928955 3
0.49767804 3
0.53339637 3
0.58587102 3
0.6622746 3
0.70869006 0
0.775303 2
0.83006044 0
0.96569692 1
0.41191097 3
0.43731652 3
0.5015567 3
0.52908869 3
0.59119758 3
0.6545337 3
0.71584854 0
0.76791877 3
0.83844489 0
0.96236033 1
0.40610671 3
0.41768643 3
0.50365886 3
0.52246373 3
0.59549441 3
0.63826019 3
0.72307934 0
0.76500361 3
0.84691403 0
0.95357981 1
0.37553306 3
0.39658033 3
0.4997628 3
0.51129976 3
0.5931233 3
0.60618326 3
0.73038317 0
0.76031789 3
0.85546871 2
0.93047319 1
0.35407922 1
0.3815847 1
0.43030082 1
0.4557011 1
0.53940426 1
0.56788768 1
0.73776078 3
0.74729687 3
0.85557777 2
0.86966629 2
0.37436882 3
0.44105913 3
0.4699577 3
0.52914778 3
0.55772911 3
0.66137389 3
0.69019861 3
0.77438371 2
0.81022822 2
0.96643368 1
0.35688143 3
0.41801083 3
0.45920152 3
0.51829028 3
0.54737268 3
0.65138359 3
0.68700938 3
0.76705535 3
0.80670291 2
0.96429916 1
0.34409531 4
0.38688672 4
0.43868672 3
0.49632148 3
0.52702188 3
0.62802813 3
0.679825 3
0.76197336 3
0.79834609 2
0.958682 1
0.323375 4
0.358 4
0.40240625 4
0.47234375 4
0.51528125 4
0.57532812 3
0.6636875 3
0.75051563 3
0.78128125 2
0.9439 1
0.24 4
0.27 4
0.355 4
0.395 4
0.49625 4
0.50875 4
0.624375 3
0.724375 3
0.761875 3
0.905 2
0.0 0
0.0 0
0.0 0
0.0 0
0.3 4
0.3 4
0.55 4
0.65 3
0.725 3
0.775 3
0.24888386 0
0.29174621 0
0.30614484 0
0.34954299 0
0.36334808 0
0.43776838 0
0.45394133 0
0.51303076 0
0.54640581 0
0.61935166 0
0.25303351 0
0.27527645 0
0.29969977 0
0.33692505 0
0.36051179 0
0.43587359 0
0.4498507 0
0.51226997 0
0.5264047 0
0.65160443 0
0.26530004 0
0.29008207 0
0.31711612 0
0.34939688 0
0.37792581 0
0.42343184 0
0.45091643 0
0.50900775 0
0.53354207 0
0.73761181 0
0.26444998 0
0.29884696 0
0.31766194 0
0.35248611 0
0.39293017 0
0.42757122 0
0.46289083 0
0.50084064 0
0.5765215 0
0.60101902 0
0.25591039 0
0.29924718 0
0.31370214 0
0.35409193 0
0.38553918 0
0.43149985 0
0.45907255 0
0.50551462 0
0.57169375 0
0.60271739 0
0.2451112 0
0.29643578 0
0.30745035 0
0.35304755 0
0.37357079 0
0.43481773 0
0.45627471 0
0.50959409 0
0.56215635 0
0.60724637 0
0.23594344 0
0.28683655 0
0.29740387 0
0.34596572 0
0.3579286 0
0.4364346 0
0.45172896 0
0.51200355 0
0.54550378 0
0.61932365 0
0.23260216 0
0.26513467 0
0.28177722 0
0.32945196 0
0.348293 0
0.43344243 0
0.44429266 0
0.50987408 0
0.52420356 0
0.65152974 0
0.23868773 0
0.27672496 0
0.29570483 0
0.33913429 0
0.36089366 0
0.41808569 0
0.43748356 0
0.50408643 0
0.52820988 0
0.73741263 0
0.23537827 0
0.2621318 0
0.2968741 0
0.31858851 0
0.37521033 0
0.40465399 0
0.45352128 0
0.4764242 0
0.56984677 0
0.59833145 0
0.20966455 0
0.2398166 0
0.27337397 0
0.30219668 0
0.34917729 0
0.39206792 0
0.44233474 0
0.46376162 0
0.55529222 0
0.59555054 0
0.17221875 0
0.20082422 0
0.23267578 0
0.27883594 0
0.30311133 0
0.36568945 0
0.41758594 0
0.43835156 0
0.52209727 0
0.58813477 0
0.10125 0
0.133125 0
0.148125 0
0.22828125 0
0.23296875 0
0.31148437 0
0.36304688 0
0.38765625 0
0.44835938 0
0.56835938 0
0.0 0
0.0 0
0.0 0
0.1125 0
0.1125 0
0.20625 0
0.24375 0
0.271875 0
0.290625 0
0.515625 0
0.0 0
0.0 0
0.0 0
0.0 0
0.0 0
0.0 0
0.0 0
0.0 0
0.0 0
0.375 0
0.0 0
0.0 0
