1510 4 0.40920334
1509 4 0.42228787
1508 4 0.50518872
1507 4 0.52438135
1506 4 0.5962831
1505 4 0.63905184
1504 0 0.72419367
1503 4 0.76513753
1502 0 0.84725393
1501 1 0.95365743
1410 4 0.38409835
1409 4 0.4106568
1408 4 0.50271344
1407 4 0.51668648
1406 4 0.59518959
1405 4 0.60841642
1404 0 0.73150876
1403 4 0.76065952
1402 2 0.85581205
1401 1 0.93067745
1310 1 0.37402514
1309 1 0.40945597
1308 1 0.44398845
1307 1 0.48208328
1306 1 0.54906991
1305 1 0.58343896
1304 4 0.73889773
1303 4 0.74868543
1302 2 0.85704551
1301 2 0.8702038
1210 4 0.40861982
1209 4 0.45589025
1208 4 0.49315688
1207 4 0.53879485
1206 4 0.58023093
1205 4 0.66626074
1204 0 0.70160316
1203 2 0.7808325
1202 0 0.82175983
1201 1 0.96696483
1110 4 0.41129224
1109 4 0.44928955
1108 4 0.49767804
1107 4 0.53339637
1106 4 0.58587102
1105 4 0.6622746
1104 0 0.70869006
1103 2 0.775303
1102 0 0.83006044
1101 1 0.96569692
1010 4 0.41191097
1009 4 0.43731652
1008 4 0.5015567
1007 4 0.52908869
1006 4 0.59119758
1005 4 0.6545337
1004 0 0.71584854
1003 4 0.76791877
1002 0 0.83844489
1001 1 0.96236033
0910 4 0.40610671
0909 4 0.41768643
0908 4 0.50365886
0907 4 0.52246373
0906 4 0.59549441
0905 4 0.63826019
0904 0 0.72307934
0903 4 0.76500361
0902 0 0.84691403
0901 1 0.95357981
0810 4 0.37553306
0809 4 0.39658033
0808 4 0.4997628
0807 4 0.51129976
0806 4 0.5931233
0805 4 0.60618326
0804 0 0.73038317
0803 4 0.76031789
0802 2 0.85546871
0801 1 0.93047319
0710 1 0.35407922
0709 1 0.3815847
0708 1 0.43030082
0707 1 0.4557011
0706 1 0.53940426
0705 1 0.56788768
0704 4 0.73776078
0703 4 0.74729687
0702 2 0.85557777
0701 2 0.86966629
0610 4 0.37436882
0609 4 0.44105913
0608 4 0.4699577
0607 4 0.52914778
0606 4 0.55772911
0605 4 0.66137389
0604 4 0.69019861
0603 2 0.77438371
0602 2 0.81022822
0601 1 0.96643368
0510 4 0.35688143
0509 4 0.41801083
0508 4 0.45920152
0507 4 0.51829028
0506 4 0.54737268
0505 4 0.65138359
0504 4 0.68700938
0503 4 0.76705535
0502 2 0.80670291
0501 1 0.96429916
0410 6 0.34409531
0409 6 0.38688672
0408 4 0.43868672
0407 4 0.49632148
0406 4 0.52702188
0405 4 0.62802813
0404 4 0.679825
0403 4 0.76197336
0402 2 0.79834609
0401 1 0.958682
0310 6 0.323375
0309 6 0.358
0308 6 0.40240625
0307 6 0.47234375
0306 6 0.51528125
0305 4 0.57532812
0304 4 0.6636875
0303 4 0.75051563
0302 2 0.78128125
0301 1 0.9439
0210 6 0.24
0209 6 0.27
0208 6 0.355
0207 6 0.395
0206 6 0.49625
0205 6 0.50875
0204 4 0.624375
0203 4 0.724375
0202 4 0.761875
0201 2 0.905
0110 0 0.0
0109 0 0.0
0108 0 0.0
0107 0 0.0
0106 6 0.3
0105 6 0.3
0104 6 0.55
0103 4 0.65
0102 4 0.725
0101 4 0.775
